SISTER CUBES:
849945752
614, 852 -- 726, 776
60, 852 -- 618, 726
60, 776 -- 614, 618

SISTER CUBES:
1098597061
613, 954 -- 669, 928
300, 954 -- 458, 928
300, 669 -- 458, 613

SISTER CUBES:
1728216
6, 120 -- 44, 118
6, 372 -- 118, 368
44, 372 -- 120, 368

SISTER CUBES:
1126446256
573, 979 -- 678, 934
317, 934 -- 573, 870
317, 979 -- 678, 870

SISTER CUBES:
994688
29, 99 -- 60, 92
60, 291 -- 99, 288
29, 291 -- 92, 288

SISTER CUBES:
566374464
360, 804 -- 612, 696
138, 804 -- 570, 696
138, 612 -- 360, 570

SISTER CUBES:
233472456
162, 612 -- 288, 594
36, 612 -- 270, 594
36, 288 -- 162, 270

SISTER CUBES:
703620008
234, 884 -- 416, 858
52, 416 -- 234, 390
52, 884 -- 390, 858

SISTER CUBES:
166560193
57, 550 -- 316, 513
316, 684 -- 550, 570
57, 684 -- 513, 570

SISTER CUBES:
62108397
21, 396 -- 238, 365
21, 238 -- 114, 229

SISTER CUBES:
391386736
255, 721 -- 474, 658
7, 474 -- 255, 448
7, 721 -- 448, 658

SISTER CUBES:
684978112
540, 808 -- 664, 732
128, 808 -- 516, 732
128, 664 -- 516, 540

SISTER CUBES:
48104000
144, 356 -- 230, 330
102, 330 -- 144, 324
102, 356 -- 230, 324

SISTER CUBES:
20976832
120, 268 -- 204, 232
46, 268 -- 190, 232
46, 204 -- 120, 190

SISTER CUBES:
79598125
45, 430 -- 213, 412
162, 430 -- 240, 412
45, 240 -- 162, 213

SISTER CUBES:
757343375
495, 860 -- 600, 815
180, 860 -- 465, 815
180, 600 -- 465, 495

SISTER CUBES:
618686208
60, 852 -- 618, 726
60, 776 -- 614, 618

SISTER CUBES:
175695507
43, 560 -- 168, 555
168, 560 -- 434, 462

SISTER CUBES:
684019000
510, 820 -- 640, 750
9, 991 -- 750, 820

SISTER CUBES:
739648000
96, 904 -- 220, 900
68, 904 -- 216, 900
68, 220 -- 96, 216

SISTER CUBES:
1065117816
456, 990 -- 612, 942
144, 612 -- 456, 516
144, 990 -- 516, 942

SISTER CUBES:
912830464
54, 970 -- 304, 960
200, 970 -- 330, 960
54, 330 -- 200, 304

SISTER CUBES:
387759808
396, 688 -- 480, 652
144, 688 -- 372, 652
144, 480 -- 372, 396

SISTER CUBES:
544061384
444, 770 -- 482, 756
238, 482 -- 336, 444
238, 770 -- 336, 756

SISTER CUBES:
39448808
152, 330 -- 204, 314
48, 330 -- 172, 314
48, 204 -- 152, 172

SISTER CUBES:
487081511
207, 782 -- 368, 759
46, 368 -- 207, 345
46, 782 -- 345, 759

SISTER CUBES:
5772403
51, 178 -- 115, 162
115, 678 -- 178, 675
72, 178 -- 115, 165
51, 678 -- 162, 675
51, 165 -- 72, 162

SISTER CUBES:
41892515
48, 347 -- 243, 302
243, 606 -- 347, 580
48, 606 -- 302, 580

SISTER CUBES:
17999072
146, 246 -- 207, 209
68, 246 -- 185, 207
68, 209 -- 146, 185

SISTER CUBES:
529611264
128, 808 -- 516, 732
128, 664 -- 516, 540

SISTER CUBES:
121660623
72, 495 -- 258, 471
72, 306 -- 228, 258
228, 495 -- 306, 471

SISTER CUBES:
11548089
17, 226 -- 54, 225
17, 55 -- 24, 54
24, 226 -- 55, 225

SISTER CUBES:
616387625
380, 825 -- 510, 785
120, 825 -- 430, 785
120, 510 -- 380, 430

SISTER CUBES:
54887625
25, 380 -- 240, 345
92, 408 -- 240, 380

SISTER CUBES:
751625000
360, 890 -- 575, 825
255, 825 -- 360, 810
255, 890 -- 575, 810

SISTER CUBES:
229267584
36, 612 -- 270, 594
36, 288 -- 162, 270

SISTER CUBES:
692612137
508, 825 -- 633, 760
135, 633 -- 500, 508
135, 825 -- 500, 760

SISTER CUBES:
680794875
355, 860 -- 675, 720
90, 720 -- 405, 675

SISTER CUBES:
232116859
291, 592 -- 394, 555
74, 394 -- 291, 333
74, 592 -- 333, 555

SISTER CUBES:
29025864
72, 306 -- 228, 258
228, 495 -- 306, 471

SISTER CUBES:
295985664
204, 660 -- 288, 648
204, 712 -- 460, 648
288, 712 -- 460, 660

SISTER CUBES:
346339448
350, 672 -- 413, 651
54, 683 -- 350, 651

SISTER CUBES:
788966919
343, 908 -- 566, 847
294, 908 -- 566, 840
294, 847 -- 343, 840

SISTER CUBES:
773778096
54, 918 -- 405, 891
243, 918 -- 432, 891
54, 432 -- 243, 405

SISTER CUBES:
83758528
162, 430 -- 240, 412
45, 240 -- 162, 213

SISTER CUBES:
26856576
87, 297 -- 180, 276
180, 873 -- 297, 864
87, 873 -- 276, 864

SISTER CUBES:
1477354411
802, 987 -- 883, 924
210, 987 -- 656, 883
210, 924 -- 656, 802

SISTER CUBES:
566069497
332, 809 -- 425, 788
151, 425 -- 332, 352
151, 809 -- 352, 788

SISTER CUBES:
522182024
332, 786 -- 600, 674
8, 786 -- 564, 674
8, 600 -- 332, 564

SISTER CUBES:
347602752
330, 678 -- 552, 564
304, 564 -- 340, 552

SISTER CUBES:
867081861
477, 912 -- 669, 828
60, 669 -- 477, 576
60, 912 -- 576, 828

SISTER CUBES:
72131904
52, 416 -- 234, 390
52, 884 -- 390, 858

SISTER CUBES:
426271384
198, 748 -- 352, 726
44, 352 -- 198, 330
44, 748 -- 330, 726

SISTER CUBES:
1151940608
584, 984 -- 828, 836
272, 984 -- 740, 828
272, 836 -- 584, 740

SISTER CUBES:
846635517
317, 934 -- 573, 870
317, 979 -- 678, 870

SISTER CUBES:
351568000
316, 684 -- 550, 570
57, 684 -- 513, 570

SISTER CUBES:
106243219
307, 426 -- 363, 388
30, 388 -- 307, 309
30, 426 -- 309, 363

SISTER CUBES:
370745613
189, 714 -- 336, 693
42, 714 -- 315, 693
42, 336 -- 189, 315

SISTER CUBES:
51479064
6, 372 -- 118, 368
44, 372 -- 120, 368

SISTER CUBES:
315590464
304, 660 -- 408, 628
96, 660 -- 344, 628
96, 408 -- 304, 344

SISTER CUBES:
229626152
74, 612 -- 378, 560
105, 560 -- 378, 497

SISTER CUBES:
895250664
300, 954 -- 458, 928
300, 669 -- 458, 613

SISTER CUBES:
163586169
297, 516 -- 360, 489
360, 641 -- 489, 578
108, 516 -- 279, 489
108, 360 -- 279, 297

SISTER CUBES:
774025496
294, 908 -- 566, 840
294, 847 -- 343, 840

SISTER CUBES:
641888000
180, 860 -- 465, 815
180, 600 -- 465, 495

SISTER CUBES:
313186627
115, 678 -- 178, 675
72, 178 -- 115, 165
72, 678 -- 165, 675
51, 678 -- 162, 675

SISTER CUBES:
143992576
292, 492 -- 414, 418
136, 418 -- 292, 370
136, 492 -- 370, 414

SISTER CUBES:
994688000
290, 990 -- 600, 920
162, 920 -- 290, 912
162, 990 -- 600, 912

SISTER CUBES:
3511872
4, 152 -- 41, 151
4, 620 -- 151, 617
41, 620 -- 152, 617

SISTER CUBES:
10811017
84, 217 -- 145, 198
84, 280 -- 217, 231

SISTER CUBES:
66763333
285, 352 -- 309, 334
62, 352 -- 243, 309
62, 334 -- 243, 285

SISTER CUBES:
348566976
284, 688 -- 540, 576
72, 576 -- 324, 540

SISTER CUBES:
87952501
117, 442 -- 208, 429
26, 442 -- 195, 429
26, 208 -- 117, 195

SISTER CUBES:
972887552
272, 984 -- 740, 828
272, 836 -- 584, 740

SISTER CUBES:
695687616
504, 828 -- 672, 732
56, 828 -- 560, 732
56, 672 -- 504, 560
184, 752 -- 504, 672

SISTER CUBES:
685021617
270, 873 -- 498, 825
2, 873 -- 470, 825
2, 498 -- 270, 470

SISTER CUBES:
522346536
138, 804 -- 570, 696
138, 612 -- 360, 570

SISTER CUBES:
238939227
270, 603 -- 459, 522
270, 640 -- 397, 603

SISTER CUBES:
85622264
270, 404 -- 332, 366
64, 332 -- 258, 270
64, 404 -- 258, 366

SISTER CUBES:
6013000
72, 178 -- 115, 165
165, 619 -- 178, 618
72, 678 -- 165, 675
72, 619 -- 115, 618
51, 165 -- 72, 162

SISTER CUBES:
163975168
144, 544 -- 256, 528
32, 256 -- 144, 240
32, 544 -- 240, 528

SISTER CUBES:
976364837
261, 986 -- 464, 957
58, 986 -- 435, 957
58, 464 -- 261, 435

SISTER CUBES:
410436936
204, 738 -- 555, 621
438, 738 -- 621, 627
204, 627 -- 438, 555

SISTER CUBES:
485974944
438, 738 -- 621, 627
204, 627 -- 438, 555

SISTER CUBES:
37955008
28, 336 -- 252, 280
28, 414 -- 280, 366
252, 414 -- 336, 366
92, 376 -- 252, 336

SISTER CUBES:
578097000
255, 825 -- 360, 810
255, 890 -- 575, 810

SISTER CUBES:
878804416
252, 952 -- 448, 924
56, 952 -- 420, 924
56, 448 -- 252, 420

SISTER CUBES:
608707008
252, 840 -- 651, 693
252, 651 -- 435, 594

SISTER CUBES:
170479153
250, 537 -- 412, 465
250, 480 -- 295, 465
295, 537 -- 412, 480

SISTER CUBES:
126217000
250, 480 -- 295, 465
295, 537 -- 412, 480

SISTER CUBES:
232206912
144, 612 -- 456, 516
144, 990 -- 516, 942

SISTER CUBES:
787969539
243, 918 -- 432, 891
54, 432 -- 243, 405

SISTER CUBES:
236893923
243, 606 -- 347, 580
48, 606 -- 302, 580

SISTER CUBES:
684329282
81, 881 -- 537, 809
264, 881 -- 537, 818
81, 818 -- 264, 809

SISTER CUBES:
167814656
240, 536 -- 408, 464
92, 408 -- 240, 380
92, 536 -- 380, 464

SISTER CUBES:
155854881
153, 534 -- 345, 486
216, 534 -- 345, 495
153, 495 -- 216, 486

SISTER CUBES:
293493213
378, 621 -- 504, 549
42, 621 -- 420, 549
138, 564 -- 378, 504
42, 504 -- 378, 420

SISTER CUBES:
125461440
238, 482 -- 336, 444
238, 770 -- 336, 756

SISTER CUBES:
58751784
119, 385 -- 168, 378
119, 241 -- 168, 222
168, 705 -- 385, 668
119, 705 -- 378, 668
222, 385 -- 241, 378

SISTER CUBES:
410050107
468, 675 -- 507, 654
221, 507 -- 338, 468
221, 675 -- 338, 654

SISTER CUBES:
106496767
7, 474 -- 255, 448
7, 721 -- 448, 658

SISTER CUBES:
625515625
225, 850 -- 400, 825
50, 850 -- 375, 825
50, 400 -- 225, 375

SISTER CUBES:
70979896
28, 414 -- 280, 366
252, 414 -- 336, 366

SISTER CUBES:
173741841
9, 558 -- 177, 552
66, 558 -- 180, 552
9, 180 -- 66, 177

SISTER CUBES:
636785000
90, 860 -- 426, 824
324, 860 -- 480, 824
90, 480 -- 324, 426

SISTER CUBES:
121818816
81, 495 -- 300, 456
145, 495 -- 300, 460
81, 460 -- 145, 456

SISTER CUBES:
8275176
32, 202 -- 129, 183
135, 202 -- 166, 183
32, 166 -- 129, 135

SISTER CUBES:
7091712
24, 192 -- 108, 180
108, 408 -- 192, 396
24, 408 -- 180, 396

SISTER CUBES:
80208576
151, 425 -- 332, 352
151, 809 -- 352, 788

SISTER CUBES:
39312
2, 34 -- 15, 33
9, 34 -- 16, 33
2, 16 -- 9, 15

SISTER CUBES:
764382528
94, 914 -- 180, 912
94, 194 -- 132, 180
132, 914 -- 194, 912

SISTER CUBES:
886464
12, 96 -- 54, 90
54, 204 -- 96, 198
12, 204 -- 90, 198

SISTER CUBES:
162351000
216, 534 -- 345, 495
153, 495 -- 216, 486

SISTER CUBES:
36047592
48, 330 -- 172, 314
48, 204 -- 152, 172

SISTER CUBES:
447902504
59, 765 -- 176, 762
176, 922 -- 699, 765
59, 922 -- 699, 762

SISTER CUBES:
118129375
138, 487 -- 360, 415
415, 612 -- 487, 570
138, 612 -- 360, 570

SISTER CUBES:
288380736
96, 660 -- 344, 628
96, 408 -- 304, 344

SISTER CUBES:
702197585
264, 881 -- 537, 818
81, 818 -- 264, 809

SISTER CUBES:
920673000
200, 970 -- 330, 960
54, 330 -- 200, 304

SISTER CUBES:
300694303
415, 612 -- 487, 570
138, 612 -- 360, 570

SISTER CUBES:
2101248
16, 128 -- 72, 120
72, 272 -- 128, 264
16, 272 -- 120, 264

SISTER CUBES:
135111375
135, 510 -- 240, 495
30, 240 -- 135, 225
30, 510 -- 225, 495

SISTER CUBES:
15682680
119, 241 -- 168, 222
222, 385 -- 241, 378

SISTER CUBES:
180930169
193, 558 -- 400, 489
192, 657 -- 489, 558

SISTER CUBES:
49933368
46, 368 -- 207, 345
46, 782 -- 345, 759

SISTER CUBES:
16809984
32, 256 -- 144, 240
32, 544 -- 240, 528

SISTER CUBES:
7957504
58, 198 -- 120, 184
58, 582 -- 184, 576
120, 582 -- 198, 576

SISTER CUBES:
191669625
310, 545 -- 450, 465
257, 618 -- 450, 545

SISTER CUBES:
320264
18, 68 -- 32, 66
4, 32 -- 18, 30
4, 68 -- 30, 66

SISTER CUBES:
399094696
216, 730 -- 487, 657
73, 876 -- 657, 730

SISTER CUBES:
239557149
42, 621 -- 420, 549
42, 504 -- 378, 420

SISTER CUBES:
671170617
180, 873 -- 297, 864
87, 873 -- 276, 864

SISTER CUBES:
959281759
543, 928 -- 694, 855
134, 928 -- 561, 855
134, 694 -- 543, 561

SISTER CUBES:
28658448
18, 306 -- 135, 297
81, 306 -- 144, 297
18, 144 -- 81, 135

SISTER CUBES:
58438072
30, 388 -- 307, 309
30, 426 -- 309, 363

SISTER CUBES:
141117704
221, 507 -- 338, 468
221, 675 -- 338, 654

SISTER CUBES:
2622104
60, 134 -- 102, 116
23, 134 -- 95, 116
23, 102 -- 60, 95

SISTER CUBES:
337534981
245, 686 -- 413, 644
16, 686 -- 382, 644
16, 413 -- 245, 382

SISTER CUBES:
789229224
176, 922 -- 699, 765
59, 922 -- 699, 762

SISTER CUBES:
69177024
108, 408 -- 192, 396
24, 408 -- 180, 396

SISTER CUBES:
43852536
62, 352 -- 243, 309
62, 334 -- 243, 285

SISTER CUBES:
92456000
48, 452 -- 110, 450
34, 452 -- 108, 450
34, 110 -- 48, 108

SISTER CUBES:
801584856
134, 928 -- 561, 855
134, 694 -- 543, 561

SISTER CUBES:
355144257
168, 705 -- 385, 668
119, 705 -- 378, 668

SISTER CUBES:
86488136
168, 434 -- 290, 396
168, 560 -- 434, 462

SISTER CUBES:
23934528
36, 288 -- 162, 270
142, 344 -- 270, 288

SISTER CUBES:
75550088
136, 418 -- 292, 370
136, 492 -- 370, 414

SISTER CUBES:
65272753
166, 393 -- 300, 337
4, 393 -- 282, 337
4, 300 -- 166, 282

SISTER CUBES:
491935528
165, 787 -- 276, 778
165, 339 -- 276, 282
282, 787 -- 339, 778

SISTER CUBES:
320264000
180, 680 -- 320, 660
40, 680 -- 300, 660
40, 320 -- 180, 300

SISTER CUBES:
782939528
162, 920 -- 290, 912
162, 990 -- 600, 912

SISTER CUBES:
368167625
161, 714 -- 420, 665
161, 938 -- 665, 812
420, 938 -- 714, 812

SISTER CUBES:
238328064
4, 620 -- 151, 617
41, 620 -- 152, 617

SISTER CUBES:
43450344
165, 339 -- 276, 282
152, 282 -- 170, 276
282, 787 -- 339, 778

SISTER CUBES:
256913144
318, 608 -- 446, 552
40, 608 -- 384, 552
40, 446 -- 318, 384

SISTER CUBES:
94100426
153, 449 -- 359, 363
24, 368 -- 153, 359

SISTER CUBES:
6434883
3, 186 -- 59, 184
3, 60 -- 22, 59
22, 186 -- 60, 184

SISTER CUBES:
549568000
184, 816 -- 480, 760
50, 760 -- 480, 690

SISTER CUBES:
107924264
42, 476 -- 228, 458
42, 792 -- 476, 730

SISTER CUBES:
60698521
4, 393 -- 282, 337
4, 300 -- 166, 282

SISTER CUBES:
369433792
204, 712 -- 460, 648
288, 712 -- 460, 660

SISTER CUBES:
16012269
21, 252 -- 189, 210
69, 282 -- 189, 252

SISTER CUBES:
970765803
210, 987 -- 656, 883
210, 924 -- 656, 802

SISTER CUBES:
614365479
207, 846 -- 567, 756
63, 756 -- 567, 630

SISTER CUBES:
124336000
145, 495 -- 300, 460
81, 460 -- 145, 456

SISTER CUBES:
658534877
132, 869 -- 534, 797
113, 535 -- 132, 534

SISTER CUBES:
328646656
144, 688 -- 372, 652
144, 480 -- 372, 396

SISTER CUBES:
730549099
582, 811 -- 699, 730
141, 811 -- 528, 730
141, 699 -- 528, 582

SISTER CUBES:
536214952
141, 811 -- 528, 730
141, 699 -- 528, 582

SISTER CUBES:
5004125
45, 170 -- 80, 165
10, 80 -- 45, 75
10, 170 -- 75, 165

SISTER CUBES:
216027
3, 60 -- 22, 59
22, 186 -- 60, 184

SISTER CUBES:
577055232
104, 832 -- 468, 780
104, 780 -- 327, 761

SISTER CUBES:
11097567
20, 223 -- 159, 192
159, 304 -- 223, 276
20, 304 -- 192, 276

SISTER CUBES:
10702783
135, 202 -- 166, 183
32, 166 -- 129, 135

SISTER CUBES:
829466953
161, 938 -- 665, 812
420, 938 -- 714, 812

SISTER CUBES:
36998208
102, 330 -- 144, 324
102, 356 -- 230, 324

SISTER CUBES:
84637287
32, 439 -- 166, 431
32, 166 -- 129, 135

SISTER CUBES:
563243625
120, 825 -- 430, 785
120, 510 -- 380, 430

SISTER CUBES:
256096512
135, 633 -- 500, 508
135, 825 -- 500, 760

SISTER CUBES:
10870119
126, 207 -- 168, 183
14, 207 -- 140, 183
14, 168 -- 126, 140
46, 188 -- 126, 168

SISTER CUBES:
299984256
124, 668 -- 486, 570
570, 704 -- 618, 668
124, 704 -- 486, 618

SISTER CUBES:
171288
17, 55 -- 24, 54
24, 226 -- 55, 225

SISTER CUBES:
289063593
161, 658 -- 441, 588
49, 588 -- 441, 490

SISTER CUBES:
196682129
153, 578 -- 272, 561
34, 272 -- 153, 255
34, 578 -- 255, 561

SISTER CUBES:
241668784
165, 619 -- 178, 618
72, 619 -- 115, 618

SISTER CUBES:
19346168
46, 268 -- 190, 232
46, 204 -- 120, 190

SISTER CUBES:
5462424
22, 176 -- 99, 165
99, 374 -- 176, 363
22, 374 -- 165, 363

SISTER CUBES:
70796808
180, 402 -- 306, 348
69, 402 -- 285, 348
69, 306 -- 180, 285

SISTER CUBES:
513000
10, 80 -- 45, 75
10, 170 -- 75, 165

SISTER CUBES:
134171875
115, 510 -- 300, 475
115, 670 -- 475, 580

SISTER CUBES:
182034216
138, 564 -- 378, 504
42, 504 -- 378, 420

SISTER CUBES:
32832
4, 32 -- 18, 30
4, 68 -- 30, 66

SISTER CUBES:
65293317
69, 402 -- 285, 348
69, 306 -- 180, 285

SISTER CUBES:
138647808
108, 516 -- 279, 489
108, 360 -- 279, 297

SISTER CUBES:
593047
7, 84 -- 63, 70
23, 94 -- 63, 84

SISTER CUBES:
87579037
37, 444 -- 333, 370
370, 944 -- 444, 930
37, 944 -- 333, 930

SISTER CUBES:
110808
6, 48 -- 27, 45
27, 102 -- 48, 99
6, 102 -- 45, 99

SISTER CUBES:
86368464
26, 442 -- 195, 429
26, 208 -- 117, 195

SISTER CUBES:
109850552
126, 476 -- 224, 462
28, 476 -- 210, 462
28, 224 -- 126, 210

SISTER CUBES:
6058747
99, 172 -- 120, 163
36, 120 -- 93, 99
36, 172 -- 93, 163

SISTER CUBES:
1774656
36, 120 -- 93, 99
36, 172 -- 93, 163

SISTER CUBES:
32114143
159, 304 -- 223, 276
20, 304 -- 192, 276

SISTER CUBES:
20162952
34, 272 -- 153, 255
34, 578 -- 255, 561

SISTER CUBES:
13851000
30, 240 -- 135, 225
30, 510 -- 225, 495

SISTER CUBES:
314496000
40, 680 -- 300, 660
40, 320 -- 180, 300

SISTER CUBES:
321466096
162, 682 -- 214, 678
51, 678 -- 162, 675
51, 682 -- 214, 675

SISTER CUBES:
274586347
171, 646 -- 304, 627
38, 304 -- 171, 285
38, 646 -- 285, 627

SISTER CUBES:
862977024
56, 952 -- 420, 924
56, 448 -- 252, 420

SISTER CUBES:
412512256
88, 744 -- 240, 736
12, 744 -- 236, 736
12, 240 -- 88, 236

SISTER CUBES:
56733696
48, 384 -- 216, 360
48, 816 -- 360, 792
216, 816 -- 384, 792

SISTER CUBES:
1016496
47, 97 -- 66, 90
47, 457 -- 90, 456
66, 457 -- 97, 456

SISTER CUBES:
27003375
15, 300 -- 110, 295
110, 930 -- 300, 920

SISTER CUBES:
665338625
2, 873 -- 470, 825
2, 498 -- 270, 470

SISTER CUBES:
677098296
64, 878 -- 332, 862
64, 332 -- 258, 270

SISTER CUBES:
48469976
198, 344 -- 240, 326
72, 240 -- 186, 198
72, 344 -- 186, 326

SISTER CUBES:
288975141
405, 606 -- 498, 549
96, 498 -- 387, 405
96, 606 -- 387, 549

SISTER CUBES:
29184057
81, 306 -- 144, 297
18, 144 -- 81, 135

SISTER CUBES:
61568208
74, 394 -- 291, 333
74, 592 -- 333, 555

SISTER CUBES:
53283923
99, 374 -- 176, 363
22, 374 -- 165, 363

SISTER CUBES:
28149336
38, 304 -- 171, 285
38, 646 -- 285, 627

SISTER CUBES:
891885384
370, 944 -- 444, 930
37, 944 -- 333, 930

SISTER CUBES:
2515968
8, 136 -- 60, 132
36, 136 -- 64, 132
8, 64 -- 36, 60

SISTER CUBES:
8647128
54, 204 -- 96, 198
12, 204 -- 90, 198

SISTER CUBES:
68696000
92, 408 -- 240, 380
92, 536 -- 380, 464

SISTER CUBES:
4931101
76, 165 -- 102, 157
24, 165 -- 86, 157
24, 102 -- 76, 86

SISTER CUBES:
2991816
18, 144 -- 81, 135
71, 172 -- 135, 144

SISTER CUBES:
107872128
28, 476 -- 210, 462
28, 224 -- 126, 210

SISTER CUBES:
543449088
48, 816 -- 360, 792
216, 816 -- 384, 792

SISTER CUBES:
485588168
8, 786 -- 564, 674
8, 600 -- 332, 564

SISTER CUBES:
364068432
42, 714 -- 315, 693
42, 336 -- 189, 315

SISTER CUBES:
8131968
94, 194 -- 132, 180
132, 914 -- 194, 912

SISTER CUBES:
614250000
50, 850 -- 375, 825
50, 400 -- 225, 375

SISTER CUBES:
14197248
72, 240 -- 186, 198
72, 344 -- 186, 326

SISTER CUBES:
312039000
72, 678 -- 165, 675
51, 678 -- 162, 675
51, 165 -- 72, 162

SISTER CUBES:
40033
9, 34 -- 16, 33
2, 16 -- 9, 15

SISTER CUBES:
593047000
70, 840 -- 630, 700
230, 940 -- 630, 840

SISTER CUBES:
567839168
56, 828 -- 560, 732
56, 672 -- 504, 560

SISTER CUBES:
114103808
27, 485 -- 152, 480
100, 485 -- 165, 480
27, 165 -- 100, 152

SISTER CUBES:
739077696
68, 904 -- 216, 900
68, 220 -- 96, 216

SISTER CUBES:
15201368
68, 246 -- 185, 207
68, 209 -- 146, 185

SISTER CUBES:
95547816
47, 457 -- 90, 456
66, 457 -- 97, 456

SISTER CUBES:
124390728
96, 498 -- 387, 405
96, 606 -- 387, 549

SISTER CUBES:
174028608
66, 558 -- 180, 552
9, 180 -- 66, 177

SISTER CUBES:
92384712
34, 452 -- 108, 450
34, 110 -- 48, 108

SISTER CUBES:
36856512
64, 332 -- 258, 270
64, 404 -- 258, 366

SISTER CUBES:
239733108
63, 621 -- 427, 545
63, 623 -- 137, 621

SISTER CUBES:
13731319
63, 238 -- 112, 231
14, 238 -- 105, 231
14, 112 -- 63, 105

SISTER CUBES:
24858171
60, 291 -- 99, 288
29, 291 -- 92, 288

SISTER CUBES:
86960952
252, 414 -- 336, 366
92, 376 -- 252, 336

SISTER CUBES:
303640064
56, 672 -- 504, 560
184, 752 -- 504, 672

SISTER CUBES:
80779032
54, 432 -- 243, 405
213, 516 -- 405, 432

SISTER CUBES:
115084125
100, 485 -- 165, 480
27, 165 -- 100, 152

SISTER CUBES:
4505949
24, 165 -- 86, 157
24, 102 -- 76, 86

SISTER CUBES:
224819712
40, 608 -- 384, 552
40, 446 -- 318, 384

SISTER CUBES:
311798403
51, 678 -- 162, 675
51, 165 -- 72, 162
51, 682 -- 214, 675

SISTER CUBES:
39312000
20, 340 -- 150, 330
90, 340 -- 160, 330
20, 160 -- 90, 150

SISTER CUBES:
20496896
72, 272 -- 128, 264
16, 272 -- 120, 264

SISTER CUBES:
398798848
48, 736 -- 306, 718
306, 898 -- 718, 726

SISTER CUBES:
2418271
23, 134 -- 95, 116
23, 102 -- 60, 95

SISTER CUBES:
1080891
27, 102 -- 48, 99
6, 102 -- 45, 99

SISTER CUBES:
43699392
44, 352 -- 198, 330
44, 748 -- 330, 726

SISTER CUBES:
2562112
36, 136 -- 64, 132
8, 64 -- 36, 60

SISTER CUBES:
8872487
14, 207 -- 140, 183
14, 168 -- 126, 140

SISTER CUBES:
299634309
60, 669 -- 477, 576
60, 912 -- 576, 828

SISTER CUBES:
4744376
14, 168 -- 126, 140
46, 188 -- 126, 168

SISTER CUBES:
40033000
90, 340 -- 160, 330
20, 160 -- 90, 150

SISTER CUBES:
74130875
35, 420 -- 315, 350
115, 470 -- 315, 420

SISTER CUBES:
958780368
58, 986 -- 435, 957
58, 464 -- 261, 435

SISTER CUBES:
534106664
570, 704 -- 618, 668
124, 704 -- 486, 618

SISTER CUBES:
13484016
14, 238 -- 105, 231
14, 112 -- 63, 105

SISTER CUBES:
197332480
58, 582 -- 184, 576
120, 582 -- 198, 576

SISTER CUBES:
322832952
16, 686 -- 382, 644
16, 413 -- 245, 382

SISTER CUBES:
411832512
12, 744 -- 236, 736
12, 240 -- 88, 236

SISTER CUBES:
670068224
324, 860 -- 480, 824
90, 480 -- 324, 426
